3.299946784973145086e-01 9.157774600241289420e+00 1.000000000000000000e+01
6.520221233367919922e-01 9.108117757726441610e+00 1.200000000000000000e+01
9.847469329833984375e-01 9.058174648598470213e+00 1.500000000000000000e+01
1.337168931961059570e+00 9.009502165307040400e+00 1.900000000000000000e+01
1.685945987701416016e+00 8.962046958740716107e+00 2.000000000000000000e+01
2.040349483489990234e+00 8.915759414882074907e+00 2.000000000000000000e+01
2.392511606216430664e+00 8.870592814451178754e+00 2.000000000000000000e+01
2.747723579406738281e+00 8.826503013421998389e+00 2.000000000000000000e+01
3.096345663070678711e+00 8.783448237933951575e+00 2.000000000000000000e+01
3.458482265472412109e+00 8.741388914565900947e+00 2.000000000000000000e+01
3.817605495452880859e+00 8.700287524148356155e+00 2.000000000000000000e+01
4.192215681076049805e+00 8.660108469299865774e+00 2.100000000000000000e+01
4.558573961257934570e+00 8.620817950040693844e+00 2.100000000000000000e+01
4.911672830581665039e+00 8.582383847812916855e+00 2.100000000000000000e+01
5.273233413696289062e+00 8.544775627197077839e+00 2.100000000000000000e+01
5.629417657852172852e+00 8.507964236476851738e+00 2.200000000000000000e+01
6.005744218826293945e+00 8.471922018498021956e+00 2.200000000000000000e+01
6.396380186080932617e+00 8.436622627721114043e+00 2.300000000000000000e+01
6.759351968765258789e+00 8.402040952612896518e+00 2.300000000000000000e+01
7.125983238220214844e+00 8.368153043576462835e+00 2.300000000000000000e+01
