6.978862285614013672e-01 6.174077365666854611e+00 4.100000000000000000e+01 7.805780957886796045e+00 1.633621158649599999e-03
1.507690906524658203e+00 5.916355583331749379e+00 4.200000000000000000e+01 8.437983560092636282e+00 4.362228821912922427e+01
2.311201810836791992e+00 5.760824688037648578e+00 4.000000000000000000e+01 7.449122979029868752e+00 -1.100910906941999937e-04
3.141835212707519531e+00 5.632655336270602220e+00 4.100000000000000000e+01 7.351540200508991596e+00 1.926757363851400043e-03
3.917911052703857422e+00 5.556086158538437125e+00 4.000000000000000000e+01 7.296038737824200204e+00 1.276767512599999909e-06
4.817259073257446289e+00 5.438210949207302747e+00 3.900000000000000000e+01 7.223913340071661082e+00 3.324092341520999802e-04
5.643534660339355469e+00 5.378261720995818784e+00 3.900000000000000000e+01 7.187497223957845627e+00 -2.972681032100000020e-06
6.501123189926147461e+00 5.342974560648508842e+00 3.900000000000000000e+01 7.170555203389135102e+00 5.232502586600000175e-06
7.311340093612670898e+00 5.317449816986697719e+00 4.000000000000000000e+01 7.159767316062580989e+00 -3.034862731500000120e-06
8.150077342987060547e+00 5.292305797253101574e+00 3.700000000000000000e+01 7.150578864196871720e+00 -1.400889978800000032e-06
